4.162820759625389474e+05 5.578378625320735388e+06
4.172065426638917415e+05 5.581142124146445654e+06
4.188287200832465896e+05 5.590778940564305522e+06
4.172239854318418074e+05 5.597439681323708966e+06
4.143459287200832041e+05 5.598608853903817013e+06
4.105782908428719384e+05 5.593259003613019362e+06
4.067059963579603937e+05 5.583763905083657242e+06
4.070722944849114865e+05 5.580964976785822771e+06
4.133342481789801968e+05 5.577138593796378002e+06
4.146075702393339598e+05 5.577209452740627341e+06
4.154099375650363509e+05 5.577953471655241214e+06
4.158460067637876491e+05 5.578166048487988301e+06
